PG Admin
*******
SELECT
    user_action_logs.spot_id,
    user_action_logs.user_email,
    user_action_logs.action_name
FROM
    user_action_logs
INNER JOIN
    spots ON user_action_logs.spot_id = spots.id
WHERE
    spots.premium_service = TRUE
    AND user_action_logs.spot_id NOT IN (
        264231, 264198, 261360, 243738, 240867, 239873, 233443, 233442, 233081, 233112, 233080, 224367, 220275, 217272, 217274, 217273, 212883, 212685, 208197, 206316, 200046, 197670, 197208, 196680, 194310, 189618, 188464, 188463, 179883, 179884, 5, 174298, 172073, 171933, 168234, 155628, 155629, 154150, 154149, 153087, 149622, 148566, 144557, 144556, 144111, 137152, 137151, 137149, 137049, 128093, 128091, 127956, 126520, 126474, 126327, 125331, 125115, 124380, 120191, 119979, 5916, 114728, 114732, 109383, 107734, 4294, 96861, 91669, 1213, 72112, 72108, 71395, 71394, 70788, 67811, 65272, 56739, 1978, 3282, 2608, 6, 20096, 2730, 615978, 611853, 610335, 610336, 610337, 605121, 599280, 597626, 582945, 582912, 525361, 4984, 487872, 486948, 485232, 484374, 484275, 483582, 481932, 478599, 474342, 472725, 468336, 464607, 454146, 449922, 444378, 438735, 430056, 420255, 415701, 412137, 407715, 403161, 396166, 396099, 395406, 6570, 6532, 388872, 388806, 388773, 359172, 358281, 345543, 338745, 323697, 321387, 319704, 318682, 313434, 302907, 300400, 294955, 294956, 294954, 294030, 293172, 293139, 285417, 282282, 278092, 275682
    )
AND user_action_logs.spot_id IN (517507, 92304, 241263, 531897, 546220, 611327, 612843, 612777, 43591, 120819, 589574, 571665, 434856, 610038, 611556, 609081, 614724, 105205, 620864, 566046, 580959, 565326, 613107, 193848, 607332, 499910, 503184, 83245, 588170, 626672, 606448, 559027, 510279, 169985, 514464, 112021, 601500, 572305, 478746, 6630, 419063, 521606, 620829, 547701, 613668, 119202, 572229, 613041, 321224, 216787, 601310, 46691, 567282, 153175, 123283, 558711, 355017, 160659, 137329, 413193, 36950, 160745, 70321, 594364, 152093, 142447, 47211, 133428, 587763, 489268, 622479, 149110, 75375, 613173, 546089, 15603, 280500, 603834, 117133, 557914, 542394, 546744, 585948, 118774, 572187, 566287, 56180, 613965, 267129, 584167, 586179, 238669, 586542, 576709, 572108, 627000, 118784, 232656, 600864, 422664, 455731, 610071, 482460, 423296, 610798, 583872, 524107, 542503, 485410, 6910, 408789, 612652, 599082, 553873, 223325, 580613, 553938, 551207, 5618, 413528, 107774, 471999, 443389, 585123, 600765, 507342, 599281, 159703, 79471, 583803, 90243, 298800, 93074, 548429, 450424, 605023, 88106, 172756, 575455, 612414, 277798, 140687, 232248, 582978, 610665, 125380, 573309, 216476, 585849, 600534, 604395, 613470, 78825, 82397, 4117, 606094, 604263, 138447, 586806, 605022, 108881, 513955, 35227, 604131, 553411, 610731, 103051, 602414, 528790, 618428, 591726, 568738, 501534, 579645, 598852, 609412, 603937, 586774, 580600, 548988, 599379, 255716, 127275, 514304, 144550, 546882, 117900, 580795, 596586, 361586, 306415, 621391, 66839, 88944, 286119, 176964, 598983, 527526, 442588, 614692, 354854, 543444, 580571, 315414, 283820, 110829, 180267, 177039, 19588, 604230, 125067, 113405, 572392, 580608, 567404, 334752, 595193, 213854, 568645, 558660, 400294, 615516, 595782, 287861, 299306, 239963, 26700, 526878, 2090, 410828, 614464, 572056, 120849, 597366, 582352, 566095, 574431, 120637, 190686, 566119, 509425, 603938, 110901, 89083, 119479, 144883, 559218, 582483, 602811, 605418, 400284, 124367, 275127, 138039, 542332, 306226, 581856, 95417, 127300, 607563, 544706, 98887, 576939, 581361, 536779, 502551, 587730, 72459, 495805, 141793, 198242, 616803, 144450, 114647, 53856, 546114, 558323, 573939, 551571, 590172, 520357, 70309, 513998, 105893, 78814, 577601, 484343, 558173, 592581, 437646, 434903, 593637, 580627, 577566, 409020, 299838, 476344, 590139, 145233, 499879, 528440, 581263, 329885, 527868, 484341, 551551, 142382, 599744, 110912, 318584, 499833, 611622, 611721, 616044, 283743, 599709, 573705, 113212, 534492, 29139, 602723, 75805, 536381, 95604, 581526, 542160, 598918, 566069, 601029, 486519, 497514, 577962, 556646, 562353, 101887, 558830, 579975, 413596, 578424, 344642, 305019, 599610, 129010, 72427, 576579, 605814, 599049, 560375, 91148, 541786, 329760, 614031, 248240, 598653, 565825, 542407, 83212, 603076, 409005, 86009, 522691, 482658, 603669, 541791, 601281, 502739, 586611, 614461, 558903, 307512, 595617, 68564, 382295, 566216, 545424, 102015, 611391, 144444, 574728, 530508, 190687, 595683, 139360, 575752, 31172, 605286, 577500, 577533, 63309, 500055, 607497, 400450, 576510, 578953, 92233, 130398, 328406, 573243, 599940, 594036, 599412)

    AND ((user_action_logs.action_name LIKE '%TMT Feature%' AND user_action_logs.action_name  NOT LIKE '%Embedded%') OR user_action_logs.action_name LIKE '%feature deactivated%')
    AND user_action_logs.user_email IN (
        'nikola.milosevic@spothopperapp.com', 'jovana.vujovic@spothopperapp.com', 'nikola.pavlovic@spothopperapp.com', 'tijana.eric@spothopperapp.com', 'marko.mladjenovic@spothopperapp.com', 'vanja.bulatovic@spothopperapp.com', 'uros.djukic@spothopperapp.com', 'aleksandar.markovic@spothopperapp.com', 'djordje.ostojic@spothopperapp.com', 'vladimir.jesic@spothopperapp.com', 'ivan.stojkovic@spothopperapp.com', 'jana.mihailovic@spothopperapp.com', 'tihomir.radosavljevic@spothopperapp.com', 'vanja.mojsilovic@spothopperapp.com', 'vuk.ranisavljevic@spothopperapp.com', 'novak.sibalic@spothopperapp.com', 'teodor.tosic@spothopperapp.com', 'jovana.beric@spothopperapp.com', 'dejana.djapa@spothopperapp.com', 'milan.jovanovic@spothopperapp.com', 'anastasija.prolic@spothopperapp.com', 'mihajlo.stanimirovic@spothopperapp.com', 'ugljesa.djekic@spothopperapp.com', 'uros.urosevic@spothopperapp.com', 'jovan.milosavljevic@spothopperapp.com', 'aleksandar.pirkov@spothopperapp.com', 'branko.rakonjac@spothopperapp.com', 'milos.djordjievski@spothopperapp.com', 'igor.kazakov@spothopperapp.com', 'mihajlo.djurcinovic@spothopperapp.com', 'nemanja.stojsavljevic@spothopperapp.com', 'luka.tulic@spothopperapp.com', 'marko.zlatic@spothopperapp.com', 'radmila.gigovic@spothopperapp.com', 'veljko.maksimovic@spothopperapp.com', 'aleksa.sarenac@spothopperapp.com', 'mihailo.sebek@spothopperapp.com', 'bogdan.mitrovic@spothopperapp.com', 'milos.petkovic@spothopperapp.com', 'veljko.simonovic@spothopperapp.com'
    )
	Order by user_action_logs.spot_id;
*********
